2051
2055
2064
2067
2097
2100
2105
2106
2109
2111
2113
2118
96
97
99
2147
101
2149
103
104
105
2151
107
2153
2154
112
118
119
2171
2172
2173
2174
2175
2176
2177
2178
2179
2180
2181
2182
2183
2184
2185
2186
2187
2188
2189
2190
2191
2192
2193
2194
2195
2196
2197
2198
2199
2215
2216
170
2218
2223
176
2246
2251
2252
2253
2254
2255
2256
209
2257
211
212
2258
2264
218
223
227
239
243
245
2295
2297
255
260
262
264
268
271
272
273
275
278
280
281
283
2355
308
311
314
316
2370
2371
2382
2384
2386
2387
2391
355
365
2431
2433
2434
2443
2444
2449
2453
411
412
413
415
418
419
420
427
429
430
432
438
440
444
2492
448
2497
450
2498
454
2502
2503
2505
2509
462
502
505
506
511
2559
513
2565
2566
2567
2568
2570
2573
527
2575
2576
2577
2578
2579
2580
2581
535
536
2582
540
3364
3365
548
552
558
560
567
569
2617
572
2634
592
2662
2663
2664
2668
2670
2672
2673
2674
2675
2676
2678
2679
2685
639
640
641
2688
2693
2694
2698
2699
652
2700
2701
2705
2708
2709
2711
666
670
2718
672
2720
2721
678
687
2737
2739
2745
2748
2749
2750
2751
2752
2753
2754
707
708
2755
710
2756
2757
713
714
2758
2759
717
718
2760
2761
2762
2763
2764
2765
2766
2767
2768
2769
729
2770
2771
2772
2782
2794
2796
764
765
766
785
787
797
798
799
800
801
2860
817
818
819
821
822
823
825
828
832
2881
2884
2885
840
2891
859
864
865
872
879
2938
908
2957
2958
2959
920
921
922
2971
927
2978
934
939
940
941
943
945
948
3026
3028
3029
3030
3031
3033
3034
3035
3036
3037
3038
3039
3040
3041
3042
998
1002
3050
3053
1011
3060
3062
3066
3070
3072
3076
3077
1030
1031
1032
1033
1034
1035
1036
1037
1038
1039
3079
3080
3081
3082
3086
3087
3088
3089
3090
3095
1054
1072
1088
1089
1091
1103
3152
3155
3169
3171
1125
3176
1130
3178
3179
3182
3184
3188
3190
1148
1151
3078
1156
1170
1172
1182
1192
1198
3246
3284
1240
1246
1247
1249
1250
1252
1253
1255
1257
1258
1260
1261
1263
1264
3313
1266
1267
1268
3314
1270
1271
1273
1276
1277
1278
1279
1283
1284
3333
1286
1287
1288
3336
3337
3338
3339
3340
3341
3342
3343
3344
3347
1302
3351
1308
1309
1310
1311
1312
1313
1314
1315
1316
1317
1318
1319
1320
1321
1322
1323
1324
1325
1326
3373
3374
3375
3376
3377
3378
3379
3380
3381
3382
3383
3384
3385
3386
3387
3388
1343
1347
1354
1356
1358
3409
3410
3412
1365
1367
1368
3416
1370
1371
3417
3419
1375
1385
1387
1389
1391
1397
1399
1400
1407
1408
1411
1415
1418
1419
1420
1421
1424
1429
1446
1472
1485
1521
1522
1523
1524
1525
1526
1527
1528
1529
1530
1531
1532
1593
1603
1607
1608
1609
1610
1611
1612
1614
1615
1616
1617
1618
1619
1620
1621
1622
1624
1625
1626
1627
1628
1629
1630
1632
1633
1634
1635
1637
1638
1639
1640
1642
1733
1763
1764
1765
1766
1767
1768
1769
1770
1771
1772
1773
1774
1775
1776
1777
1778
1779
1780
1781
1782
1783
1784
1785
1786
1787
1788
1789
1790
1791
1797
1798
1800
1801
1802
1803
1804
1836
1855
1881
1883
1901
1902
1903
1904
1905
1906
1912
1915
1917
1919
1920
1923
1925
1926
1927
1930
1953
1957
1959
1960
1961
1963
1965
1968
1969
1971
1973
1975
1977
1979
1982
1990
1996
2013
2016
2022
2023
2025
2028
2032
2035
2037
